10

1 9 4 8 6 7 4 6 3 8
9 5 4 3 7 6 5 4 8 3
9 4 7 5 8 7 4 9 5 3
1 6 4 2 9 8 0 3 7 9
4 6 9 7 9 6 0 3 5 6
3 4 7 1 5 9 7 5 4 5
9 7 3 5 6 3 1 7 5 8
6 4 0 8 7 4 2 8 0 4
7 6 4 9 3 0 8 7 2 9
9 4 3 1 6 3 7 4 5 3

13 97 46 80 66 78 45 65 34 83
96 55 43 36 70 60 53 48 83 34
92 49 78 59 88 79 44 97 57 36
16 63 46 28 95 84 65 35 75 93
48 66 95 74 93 66 12 32 54 68
36 48 79 16 55 98 74 55 48 75
92 74 33 57 67 33 16 76 56 28
64 46 42 82 72 47 27 88 64 64
77 61 47 95 31 45 89 75 22 49
91 43 30 14 66 31 78 46 55 36