number of threads is in range [1, 8]
let's use max number of threads
stopwatch accuracy = 0.0000001 sec

enter size of matrix

ok, size = 6

let's look at A and B:
 -100   -74    51    -8     7   -56 
  -91    36    36    87   -23     4 
   67   -94   -90     6    34   -99 
  -23   -87   -17    38    18    87 
   70     5   -82    31   -17    40 
   82    53   -48   -91    47   -35 

   27    52    99   -27   -51    97 
   45    51    30   -86    26    77 
  -46   -13    54    -4   -53   -45 
  -28   -67    -3    80    82   -88 
   81     1     3   -36    98    -1 
  -47   -82    90   -86     0   -23 

algorithm


result:

-4953 -4502 -14361 12784   503 -15708 
-6980 -9544 -5955  6661  8549 -15400 
 8958  7610 -9873 14405  2733  5026 
-7449 -15074  1965  3081  4692 -13528 
 1762  -413  6108 -2340  1782  7234 
14807 16605  4380 -12542 -3116 22961 
dumb algorithm spent:
0.0000024 sec


result:

-4953 -4502 -14361 12784   503 -15708 
-6980 -9544 -5955  6661  8549 -15400 
 8958  7610 -9873 14405  2733  5026 
-7449 -15074  1965  3081  4692 -13528 
 1762  -413  6108 -2340  1782  7234 
14807 16605  4380 -12542 -3116 22961 
dumb parallel algorithm spent:
0.0007994 sec


result:

-4953 -4502 -14361 12784   503 -15708 
-6980 -9544 -5955  6661  8549 -15400 
 8958  7610 -9873 14405  2733  5026 
-7449 -15074  1965  3081  4692 -13528 
 1762  -413  6108 -2340  1782  7234 
14807 16605  4380 -12542 -3116 22961 
reordered algorithm spent
0.0000038 sec


result:

-4953 -4502 -14361 12784   503 -15708 
-6980 -9544 -5955  6661  8549 -15400 
 8958  7610 -9873 14405  2733  5026 
-7449 -15074  1965  3081  4692 -13528 
 1762  -413  6108 -2340  1782  7234 
14807 16605  4380 -12542 -3116 22961 
reordered parallel algorithm spent:
0.0000048 sec


result:

-4953 -4502 -14361 12784   503 -15708 
-6980 -9544 -5955  6661  8549 -15400 
 8958  7610 -9873 14405  2733  5026 
-7449 -15074  1965  3081  4692 -13528 
 1762  -413  6108 -2340  1782  7234 
14807 16605  4380 -12542 -3116 22961 
strassen algorithm spent:
0.0000038 sec


result:

-4953 -4502 -14361 12784   503 -15708 
-6980 -9544 -5955  6661  8549 -15400 
 8958  7610 -9873 14405  2733  5026 
-7449 -15074  1965  3081  4692 -13528 
 1762  -413  6108 -2340  1782  7234 
14807 16605  4380 -12542 -3116 22961 
strassen parallel algorithm spent:
0.0000496 sec
